0 0
1 1
2 0
3 2
4 1
5 2
6 1
7 3
8 0
9 3
10 1
11 1
12 3
13 2
14 2
15 3
16 1
17 2
18 2
19 3
20 3
21 0
22 0
23 2
24 1
25 3
26 1
27 1
28 1
29 0
30 1
31 2
32 3
33 1
34 2
35 3
36 2
37 2
38 2
39 2
40 3
41 0
42 1
43 3
44 1
45 2
46 0
47 0
48 3
49 3
50 3
51 2
52 0
53 3
54 3
55 2
56 3
57 1
58 2
59 1
60 2
61 0
62 2
63 2
64 2
65 0
66 1
67 3
68 1
69 2
70 0
71 1
72 3
73 3
74 2
75 2
76 3
77 2
78 1
79 0
80 2
81 0
82 2
83 1
84 0
85 0
86 1
87 0
88 2
89 0
90 1
91 3
92 2
93 0
94 3
95 1
96 0
97 2
98 1
99 1
100 0
101 0
102 2
103 1
104 0
105 0
106 2
107 3
108 1
109 0
110 1
111 0
112 3
113 3
114 0
115 0
116 0
117 3
118 1
119 0
120 3
121 1
122 3
123 3
124 3
125 1
126 3
127 0
