0 0
1 1
2 2
3 0
4 1
5 0
6 1
7 3
8 2
9 3
10 1
11 1
12 3
13 0
14 0
15 3
16 1
17 2
18 1
19 1
20 3
21 2
22 2
23 0
24 1
25 3
26 1
27 1
28 1
29 2
30 1
31 0
32 2
33 1
34 0
35 3
36 0
37 0
38 0
39 0
40 2
41 2
42 1
43 3
44 1
45 0
46 2
47 2
48 3
49 3
50 3
51 0
52 2
53 3
54 3
55 0
56 3
57 1
58 1
59 1
60 0
61 2
62 0
63 0
64 0
65 2
66 3
67 3
68 1
69 0
70 2
71 1
72 2
73 1
74 0
75 0
76 3
77 0
78 0
79 2
80 0
81 2
82 0
83 1
84 2
85 2
86 1
87 2
88 3
89 2
90 1
91 3
92 0
93 1
94 3
95 1
96 2
97 0
98 3
99 2
100 3
101 2
102 1
103 1
104 2
105 2
106 0
107 3
108 1
109 2
110 1
111 2
112 3
113 3
114 2
115 2
116 1
117 3
118 0
119 2
120 3
121 0
122 3
123 3
124 3
125 1
126 3
127 2
